992250
290850
874650
498750
998900
108150
199500
177450
317100
67550
913850
264950
595000
35700
632800
121450
473550
191800
707350
843500
881650
590100
953750
844550
35000
666400
805700
334600
900200
286300
353150
548800
186900
995050
779450
479850
130900
574000
293650
147000
55300
746200
4550
227500
814100
557550
873950
390950
233100
461650
159600
581350
753550
893550
400400
597450
639450
114800
833000
888300
318850
619150
594300
856450
938000
782950
689500
157500
314300
560000
235200
733250
585900
449750
398300
46200
96250
165200
78750
972300
323050
946750
238700
314650
17500
7000
337750
967750
879550
512750
437150
490000
547050
614600
907550
774200
57400
156100
232050
822150
366450
49700
659400
989450
237650
281750
842450
991200
405650
995750
260750
68600
758800
939400
558250
758100
176050
661150
358750
80500
420000
311500
421050
269850
542150
936600
96600
130550
937300
471800
886550
72800
912800
392700
387100
260400
162750
262500
514500
279650
684250
396200
753900
37100
984550
774900
621250
543200
362250
970550
852600
942200
385700
276500
924700
581700
807450
115500
516950
694400
668150
636650
488950
379750
87850
18200
503650
613550
487550
245000
401450
942550
625450
968450
670600
137900
430150
541450
504350
587650
978950
36050
242550
562800
895300
455350
677250
248850
366100
170800
944300
940100
823200
866950
942900
557900
262850
94150
154700
288750
317450
844200
140700
484400
495600
50750
234500
642250
666750
181650
591850
113050
653100
649600
482650
710500
217350
264600
321300
934850
644350
60900
133350
739900
548450
914550
643300
904400
374850
302400
667800
134400
661850
128450
158900
137200
643650
835100
530250
661500
611450
172200
83650
246050
560700
269500
525000
838950
680400
895650
925050
905100
361200
491400
639800
810600
638750
500500
775250
838250
501550
806050
168700
466200
284550
540400
132300
342650
62650
378700
161350
919450
920850
428050
707700
407400
14000
982450
637350
417900
688450
995400
340550
250950
949550
605150
499100
586950
454650
134750
550200
265650
963550
477750
955500
708400
53200
321650
15400
726950
231350
714700
257600
174300
564900
812000
77700
204400
695100
450100
915600
121100
215600
483700
950600
420700
626850
44450
872550
146650
529550
780500
21700
901950
924350
802550
658700
411950
200550
815850
664650
342300
733600
877800
138600
277550
216300
983150
95550
532700
388150
25200
674100
692300
445900
108500
423850
978250
540750
220500
498050
700700
981050
329000
339500
204050
539000
120750
521850
811300
554050
195300
706300
376950
556150
385350
523600
397250
941150
633850
579250
596750
701050
563150
570500
417200
996450
406000
161000
794500
144550
476350
462700
532350
714350
467600
538300
745850
460950
469700
367150
902650
968800
663950
719600
927500
992600
829850
112350
345800
492800
882000
399700
782250
846650
303100
82250
824950
990500
37800
301000
830200
577850
703500
89250
75250
971250
367850
203700
261100
232400
844900
622650
601300
515550
960050
616700
979300
609000
641200
554400
747950
607950
408100
182700
281050
958300
505750
196350
331800
837200
145600
721000
56350
373800
700000
733950
318150
149100
787850
142800
544950
151900
701750
879900
334250
820750
851200
407050
616000
14350
910000
261450
894250
141750
642950
672000
694050
513800
493150
143150
290150
749000
616350
439600
627200
319900
127750
297150
163450
720300
543900
456050
331450
827050
5600
472850
836500
991550
837550
696850
964600
6650
613200
106050
940450
222250
380100
282450
711200
12600
913150
11550
268100
985950
245350
641900
994700
777700
49000
878850
387800
453950
335300
412650
701400
490700
549500
803950
429450
491750
112700
352450
694750
735350
267050
270550
143500
131600
241850
983500
495250
904750
113750
457450
969500
663250
456400
511000
767550
240450
270900
568400
33600
487900
39550
868700
432600
876400
582050
880950
399000
359800
102200
233800
43750
573300
522200
740950
943950
365050
571900
306950
421400
40250
770700
638400
805350
242900
793450
394100
458150
646800
916300
917700
496300
587300
513450
888650
179900
519750
343350
217700
740250
971600
52500
698250
8050
360500
631750
2800
348950
935200
127050
717150
369250
204750
310450
928550
559300
770350
329350
867650
564550
824250
23800
77000
735000
702450
50400
933800
778050
907200
589750
212800
662200
502950
77350
248500
919800
766500
27300
752500
574700
33950
205100
459550
448000
511700
21000
927850
955850
425950
448700
229950
918050
219450
81900
933100
717850
394800
351400
100100
138250
779100
787500
239750
760550
785750
506100
45150
840000
521500
408450
598850
773500
198450
732550
799400
560350
238000
850850
226800
74900
340900
88200
730100
602700
632100
771750
346500
22400
38850
783300
437850
519050
696150
525700
433300
669900
313600
826000
494550
795900
760200
394450
598150
528150
665350
117600
737100
796600
465850
148750
555800
529200
24850
214200
327950
248150
762300
640500
761950
878500
768950
336350
544250
718550
286650
510300
688100
525350
957600
431900
922950
639100
434350
382200
709800
354200
436100
103250
671300
31850
106750
797300
243600
652050
527800
138950
63700
437500
793800
852250
679350
196000
832650
411600
536550
133000
175000
307300
700
29400
2100
869750
742700
59150
553000
133700
496650
465150
401800
854700
361550
376250
653800
855400
253750
647500
390600
110600
194250
384650
373100
954100
584150
913500
540050
761600
452900
571550
326550
320600
185150
359100
554750
918400
957250
330750
319200
402850
402150
410200
7350
289450
889700
856800
240800
183400
279300
193200
542500
199850
542850
369600
821450
555450
644000
731850
713650
993300
816900
51800
98350
357700
839650
353500
681800
658350
168350
721700
845250
545300
682150
609700
991900
911050
777350
166600
524650
984900
546350
683550
439950
812700
737450
973700
656600
642600
709450
610750
678300
9800
522900
14700
782600
610400
603750
301350
354550
675150
449400
202300
994350
243950
141400
221900
304500
518000
190400
262150
789600
901250
778750
191450
118650
61250
772100
872200
736750
389550
283150
287350
508900
93450
549850
937650
768600
245700
32900
328300
99750
520800
792400
386400
447300
497700
225050
759500
989100
443450
621600
754600
224000
945350
551950
680750
596400
683900
169400
184450
712600
550550
604450
785400
687400
961450
471450
758450
291900
947800
578200
43050
634550
894950
712950
251300
358400
224350
788550
586250
925400
301700
278250
253050
582750
906150
823550
981750
631050
403900
355250
171850
159950
568750
607250
493850
66150
338800
969150
81550
171500
459200
41300
490350
151550
801500
59500
648900
736050
284200
705600
865550
883400
717500
679000
497350
638050
217000
382550
526050
188300
899500
751450
468650
987350
476000
550900
264250
476700
169750
974400
659750
166950
433650
466550
26600
332500
742000
651700
125650
697900
432950
455000
684950
892150
362950
23100
987700
623700
79100
291550
893200
207900
337400
149800
970200
84000
249550
1750
74550
396900
371700
971950
655200
201950
914900
271950
347900
517300
235550
17850
857500
424900
117950
110250
741300
45500
383600
418950
105000
326900
537600
352100
478100
61600
541800
861000
194600
392000
691950
934150
474950
99050
32200
597800
122150
681450
849450
855750
223300
294700
65100
972650
126000
858550
196700
857850
734650
691250
347200
280350
147350
682850
566650
11900
806400
881300
332150
932750
904050
479150
936250
941850
832300
467250
990150
687050
883750
410900
518700
534100
384300
531300
395150
67900
271600
857150
353850
380450
280000
256550
959350
2450
724850
193900
428750
412300
374150
379400
625800
322350
354900
947450
356650
102550
171150
225400
885150
667100
349300
219100
809900
197750
306600
890400
425250
30100
199150
506800
817950
817250
628600
415800
324100
504000
677950
426650
35350
952000
608650
686350
312900
809550
915250
755650
583450
848050
453250
751100
254100
137550
524300
472150
213850
606900
39200
295750
344050
191100
109900
42000
163800
441350
334950
773850
623000
10500
333200
445200
660450
821800
612500
606550
242200
13650
673750
292250
397600
882700
978600
976500
592200
12250
422800
414750
271250
582400
652750
220850
147700
159250
266700
422100
451850
239050
31150
134050
370650
657650
951650
121800
105700
98000
880250
845950
207550
458500
212100
884800
101150
435400
218400
899850
82950
119000
932050
969850
350000
81200
376600
945000
950950
397950
296450
502600
909650
27650
469000
529900
975800
772450
676200
504700
723450
64400
506450
151200
305200
463050
213500
718900
67200
559650
215950
750050
404950
468300
589050
297500
241500
602350
834050
285950
958650
710150
443100
963900
365750
769650
336000
818650
634200
755300
795550
723800
186200
980700
714000
483000
120400
906850
637000
900550
665000
183750
24500
570150
791000
704900
499450
4200
320950
600250
599550
669200
303450
509950
221550
725550
730800
338100
543550
527450
919100
575750
52850
898800
745150
784000
627550
92400
984200
999600
645050
871850
141050
166250
781900
854000
960750
829500
705250
232750
685300
656250
672700
55650
922250
227850
593600
555100
54250
29750
929950
870100
697550
763350
228900
825650
216650
578900
3850
816550
561750
674450
363650
702800
515900
952350
503300
842100
409500
259350
986300
547400
332850
449050
417550
746550
129850
594650
409150
383950
489650
887600
749350
626500
91700
812350
205450
526400
923300
203000
870450
455700
658000
898450
771050
760900
765800
952700
236250
44800
292950
637700
789250
462000
731500
104300
891100
680050
153650
507500
172900
989800
943600
259700
853650
498400
73500
25550
220150
630700
124600
58450
210350
190750
939750
175700
126700
975100
960400
663600
603400
163100
296800
774550
502250
244650
11200
886900
92050
92750
167650
754250
532000
89950
720650
173250
275100
636300
792050
693350
436800
351750
580300
268800
372050
218750
136850
510650
266000
747250
666050
947100
125300
556850
415100
87500
174650
48300
923650
729400
816200
565600
299950
283850
200900
996800
980350
604100
200200
997500
96950
766150
363300
957950
654500
623350
278600
73150
585200
796250
448350
948500
52150
431200
646100
785050
107800
967050
890750
42700
795200
572950
274400
827400
418600
530950
452550
194950
152250
156450
629650
478800
619500
640150
156800
454300
290500
79800
187600
129500
830900
716450
990850
535850
424200
395850
864850
269150
114450
160300
392350
473200
22750
265300
593950
3150
949900
185850
928200
836850
849100
107100
800800
209300
520100
284900
866600
192850
600950
660800
312200
21350
839300
381150
632450
155050
576100
313250
492450
766850
30450
965650
944650
767200
375550
679700
236600
434700
38500
800450
324450
868350
828100
350350
837900
756000
56000
566300
590450
605850
945700
982800
309400
226100
533050
705950
545650
445550
635600
180600
547750
15750
178150
310800
833700
287000
231700
16800
187250
83300
977200
435750
46550
558600
315700
742350
703850
459900
261800
255150
461300
615650
889350
864500
578550
76300
592550
256900
849800
180250
810250
676550
463750
620550
295400
128100
722400
847700
192150
929600
190050
926100
59850
807100
106400
976850
173600
89600
176400
157150
391650
861350
60200
65450
311150
791700
56700
212450
903000
744800
719250
791350
553700
823900
747600
738500
567700
438900
114100
6300
57750
794150
431550
676900
775950
356300
925750
40600
814450
784350
99400
45850
863100
12950
624400
743050
818300
500150
483350
905800
362600
403550
326200
176750
47600
516250
98700
688800
462350
145950
298900
162400
706650
589400
699300
152950
500850
58800
648200
741650
25900
118300
998550
699650
690900
973000
408800
757050
48650
492100
852950
95200
548100
267750
91000
388500
808150
820050
71750
464100
325850
921900
73850
146300
252700
53900
30800
197400
928900
281400
575400
345100
312550
962150
442750
630000
761250
838600
306250
915950
142450
75600
268450
893900
736400
325150
210000
175350
246750
828450
381500
215250
754950
786450
567350
221200
9450
75950
897050
509250
966350
233450
304150
26250
678650
574350
395500
177800
230650
877100
344400
994000
208250
64750
732200
60550
282100
184800
403200
372400
897750
291200
908950
735700
648550
477400
150150
704550
90650
728700
259000
276150
908250
377300
380800
617400
794850
868000
633150
645400
273000
274050
572600
581000
404600
631400
921200
416500
873250
912450
657300
686700
522550
956900
234850
551250
807800
850500
470050
512050
108850
670950
732900
841750
170100
870800
421750
912100
884100
144900
123550
713300
896700
891800
588350
650650
320250
533750
591500
808850
282800
91350
788900
263900
463400
330050
37450
86800
50050
429100
358050
878150
936950
583100
161700
848750
715400
20650
901600
313950
378000
350700
753200
828800
686000
654150
135450
579950
253400
976150
752850
892850
712250
94850
739200
155400
903700
756700
568050
977900
377650
569800
346150
203350
640850
195650
429800
931700
652400
865900
178500
553350
315000
651000
811650
339850
288400
493500
109200
319550
222950
778400
619850
124950
399350
13300
728350
486500
236950
580650
438200
822500
564200
311850
617050
180950
690550
689850
924000
20300
88900
440650
858900
202650
305550
427000
488600
536200
739550
845600
193550
592900
871150
570850
222600
393400
352800
249200
234150
771400
767900
322000
119700
486150
256200
744450
214550
780150
382900
148050
218050
28350
536900
398650
970900
5950
980000
430850
70350
371350
946400
727650
62300
516600
858200
341600
752150
165900
949200
917350
375200
481250
965300
508200
788200
862050
300300
520450
36400
93800
7700
770000
927150
670250
85750
673050
750400
997150
228550
875000
576800
453600
488250
143850
612850
76650
24150
526750
799050
869050
189350
469350
393750
450800
726600
565950
571200
465500
400050
94500
843150
572250
142100
729750
798350
698600
599200
464450
718200
948150
885500
164500
349650
668500
457800
485450
859600
738850
365400
563500
906500
275450
601650
890050
748650
756350
120050
910700
16100
71400
302050
886200
723100
610050
123900
184100
355950
335650
387450
996100
487200
101850
763000
294000
255500
420350
831250
82600
796950
177100
647850
442400
577500
426300
325500
289800
158550
413350
211050
68950
953050
693000
341250
813750
475650
591150
650300
173950
188650
595350
685650
167300
270200
227150
446600
655900
95900
357350
683200
962500
941500
157850
743400
926800
935550
113400
630350
44100
797650
911400
413000
618450
585550
61950
405300
3500
521150
260050
802200
168000
992950
263550
860300
287700
533400
324800
982100
8750
509600
277900
303800
822850
430500
641550
211400
748300
228200
598500
724150
517650
790650
355600
775600
781550
330400
257950
586600
411250
116550
451150
497000
34300
527100
389900
250600
16450
842800
612150
8400
32550
41650
404250
22050
605500
724500
464800
549150
647150
285250
710850
452200
604800
252350
329700
373450
225750
743750
65800
734300
507150
763700
702100
214900
981400
599900
740600
757750
523250
69650
911750
111300
117250
68250
608300
318500
307650
23450
213150
57050
814800
66850
829150
31500
136500
386750
635250
267400
409850
39900
495950
140350
841050
931350
964950
34650
481600
804650
764400
185500
725900
123200
793100
716800
987000
126350
179200
18550
475300
128800
552300
80150
164150
150500
848400
299600
198800
85050
427350
416150
375900
273350
441000
916650
87150
350
948850
655550
443800
561050
139300
266350
738150
764750
139650
584500
625100
846300
931000
15050
197050
344750
615300
477050
280700
622300
86450
588700
932400
341950
423150
664300
577150
979650
485100
343700
189000
860650
340200
561400
457100
78050
345450
366800
406350
178850
338450
779800
285600
903350
72100
136150
400750
283500
552650
72450
10150
369950
939050
600600
934500
874300
343000
558950
809200
272300
505050
943250
100800
322700
207200
63000
813400
815150
93100
115850
316400
959000
472500
238350
959700
230300
769300
879200
296100
993650
646450
695450
478450
152600
669550
917000
231000
97650
407750
297850
618800
40950
298550
155750
900900
955150
515200
985250
473900
682500
210700
953400
887250
428400
726250
53550
28700
749700
956550
396550
130200
863800
28000
634900
201250
247800
853300
162050
9100
885850
501200
447650
768250
951300
26950
988050
617750
677600
780850
596050
109550
765450
687750
1050
777000
49350
181300
831600
762650
707000
351050
721350
954450
700350
693700
219800
333550
70000
930300
518350
5250
786100
479500
278950
450450
105350
656950
309750
86100
633500
54600
629300
859950
206500
470400
920500
792750
873600
940800
765100
471100
986650
446950
544600
800100
201600
854350
458850
808500
103600
389200
737800
830550
46900
715050
466900
186550
567000
79450
628250
460600
799750
999950
51450
745500
963200
294350
84700
764050
390250
70700
346850
709100
966000
470750
419650
150850
711900
674800
444150
935900
684600
145250
922600
876050
938350
111650
331100
508550
613900
840700
896000
787150
956200
347550
154000
360850
876750
58100
865200
869400
467950
541100
708750
825300
719950
798700
364000
841400
69300
414400
64050
798000
722050
891450
649950
246400
802900
406700
240100
424550
124250
690200
383250
456750
695800
773150
388850
776650
439250
803600
534450
250250
379050
263200
367500
148400
348250
887950
104650
308350
374500
78400
4900
593250
535150
229600
169050
339150
302750
654850
914200
29050
821100
505400
966700
19950
100450
728000
851550
817600
961100
871500
908600
862400
164850
727300
819000
653450
391300
538650
744100
252000
551600
189700
112000
929250
198100
850150
43400
909300
451500
961800
715750
305900
272650
607600
628950
803250
239400
484050
883050
583800
308000
360150
402500
474250
254800
484750
897400
368200
491050
275800
546000
834400
603050
892500
482300
316750
51100
226450
413700
308700
703150
826350
746900
328650
576450
565250
80850
486850
442050
899150
704200
480550
90300
323750
620900
229250
480200
372750
783650
662900
254450
938700
494200
153300
206850
315350
988400
359450
209650
102900
378350
667450
480900
47250
172550
907900
135800
438550
539700
757400
691600
872900
393050
119350
127400
122850
611800
569100
182350
364700
843850
531650
840350
513100
103950
730450
386050
115150
255850
602000
573650
309050
415450
160650
784700
537950
998200
804300
926450
590800
436450
614950
18900
781200
474600
609350
357000
563850
33250
416850
337050
562450
847000
298200
323400
528500
299250
810950
750750
689150
588000
805000
42350
507850
696500
889000
880600
107450
692650
249900
673400
179550
277200
921550
626150
988750
74200
140000
333900
110950
501900
918750
833350
514150
635950
621950
304850
697200
660100
537250
514850
933450
17150
820400
182000
584850
419300
54950
786800
898100
170450
595700
831950
149450
977550
414050
519400
856100
722750
790300
910350
129150
864150
973350
247450
47950
884450
10850
425600
116900
187950
460250
512400
440300
446250
999250
967400
711550
708050
276850
368550
435050
211750
71050
66500
274750
401100
135100
288050
716100
441700
38150
575050
847350
866250
192500
896350
292600
154350
273700
851900
815500
827750
725200
251650
624050
954800
801850
729050
836150
410550
523950
85400
434000
964250
223650
801150
875350
289100
930650
920150
241150
361900
975450
244300
116200
257250
122500
422450
427700
444850
962850
983850
327600
224700
644700
627900
88550
776300
813050
183050
206150
84350
208950
659050
247100
499800
835800
618100
620200
444500
546700
535500
316050
243250
36750
481950
336700
131250
432250
824600
385000
237300
562100
327250
235900
789950
859250
861700
772800
165550
826700
317800
698950
863450
310100
606200
569450
131950
665700
97300
423500
258300
370300
819700
675500
624750
258650
208600
418250
300650
681100
19250
364350
997850
101500
614250
905450
867300
348600
671650
882350
875700
835450
974750
759150
511350
144200
494900
855050
579600
985600
751800
528850
19600
295050
950250
651350
63350
974050
534800
205800
877450
597100
731150
293300
672350
759850
675850
611100
132650
662550
649250
530600
489300
371000
485800
862750
894600
381850
668850
819350
1400
946050
834750
968100
645750
556500
902300
557200
806750
539350
158200
368900